File: 101263531_101262829_2.txt Strategy: FCFS Throughput: 0.023696682464454975, Average Wait Time: 88.8, Average Turnaround Time: 153.4, Average Response Time: 50.6
File: 101263531_101262829_1.txt Strategy: FCFS Throughput: 0.03225806451612903, Average Wait Time: 0.0, Average Turnaround Time: 31.0, Average Response Time: 0.0
